14,128
14,127
14,126
14,0
13,4
13,3
13,2
13,1
13,0
12,10
12,9
12,8
12,7
12,6
12,5
12,4
12,3
12,2
12,1
12,0
11,5
11,4
11,3
11,2
11,1
11,0
10,4
10,3
10,2
10,1
10,0
9,5
9,4
9,3
9,2
9,1
9,0
8,5
8,4
8,3
8,2
8,1
8,0
7,5
7,4
7,3
7,2
7,1
7,0
6,5
6,4
6,3
6,2
6,1
6,0
5,6
5,5
5,4
5,3
5,2
5,1
5,0
4,3
4,2
4,1
4,0
3,6
3,5
3,4
3,3
3,2
3,1
3,0
2,15
2,14
2,13
2,12
2,11
2,10
2,9
2,8
2,5
2,4
2,2
1,2
0,444
0,442
0,441
21,1
0,435
0,408
21,3
0,375
0,366
0,439
0,362
21,0
1,1
0,349
0,335
1,3
0,326
1,0
0,322
2,7
2,1
2,6
2,3
0,320
0,243
2,0
0,9
0,310
0,305
0,308
0,304
0,303
0,302
0,307
0,12
0,438
0,10
0,8
0,0
0,382
0,300
0,313
0,299
0,312
0,298
0,315
0,297
0,338
0,296
0,311
0,295
0,325
0,294
0,401
0,293
0,309
0,292
0,306
0,291
0,359
0,290
0,324
0,289
0,336
0,288
0,323
0,287
0,419
0,286
0,396
0,285
0,357
0,284
0,348
0,283
0,430
0,282
0,415
0,281
0,426
0,280
0,429
0,279
0,414
0,278
0,356
0,277
0,391
0,276
0,395
0,275
14,1
14,2
14,4
14,5
14,7
14,8
14,10
14,12
14,13
14,15
14,16
14,18
14,20
14,21
14,23
14,24
14,26
14,27
14,29
14,31
14,32
14,34
14,35
14,37
14,64
14,65
14,67
14,68
14,70
14,71
14,73
14,75
14,76
14,78
14,79
14,81
14,83
14,84
14,86
14,87
14,89
14,90
14,92
14,94
14,95
14,97
14,98
14,100
14,102
14,103
14,105
14,106
14,108
14,110
14,111
14,113
14,114
14,116
14,117
14,119
14,121
14,122
14,124
14,125
15,1
15,3
15,4
15,6
15,7
15,9
15,10
15,12
15,14
16,0
16,2
16,3
16,5
16,7
16,8
16,10
17,0
17,2
17,3
17,5
17,7
17,8
17,10
18,0
18,2
18,4
19,0
19,2
19,3
20,0
20,2
20,3
20,5
21,2
22,0
22,1
22,3
22,5
23,0
23,2
23,3
24,0
24,2
24,3
24,5
24,6
25,0
25,1
25,3
26,0
26,1
26,3
26,4
27,0
27,2
27,3
27,5
27,6
28,0
28,1
28,3
28,5
29,0
29,2
29,3
30,1
30,3
30,4
31,0
31,1
31,3
32,0
32,2
32,4
33,0
33,2
33,3
33,5
34,1
34,2
34,4
35,0
35,2
35,4
37,0
37,2
37,3
37,5
37,6
37,8
38,0
38,1
38,3
38,4
39,1
39,3
39,4
40,0
40,1
40,3
40,4
40,6
41,1
41,2
41,4
41,5
41,7
42,1
42,2
42,4
42,5
43,1
43,2
43,4
44,0
44,1
44,3
45,0
45,2
45,4
46,0
46,2
46,3
46,5
47,1
47,2
47,3
47,0
46,4
46,1
45,3
45,1
44,2
43,5
43,3
43,0
42,3
42,0
41,6
41,3
41,0
40,5
40,2
39,5
39,2
39,0
38,2
37,9
37,7
37,4
37,1
35,3
35,1
34,3
34,0
33,4
33,1
32,3
32,1
31,2
30,5
30,2
30,0
29,1
28,4
28,2
27,7
27,4
27,1
26,5
26,2
25,4
25,2
24,7
24,4
24,1
23,4
23,1
22,4
22,2
21,4
20,4
20,1
19,4
19,1
18,3
18,1
17,9
17,6
17,4
17,1
16,9
16,6
16,4
16,1
15,13
15,11
15,8
15,5
15,2
15,0
14,123
14,120
14,118
14,115
14,112
14,109
14,107
14,104
14,101
14,99
14,96
14,93
14,91
14,88
14,85
14,82
14,80
14,77
14,74
14,72
14,69
14,66
14,38
14,36
14,33
14,30
14,28
14,25
14,22
14,19
14,17
14,14
14,11
14,9
14,6
14,3
0,397
0,274
0,410
0,273
0,406
0,272
0,381
0,271
0,376
0,270
0,301
0,269
0,350
0,268
0,389
0,267
0,398
0,266
0,334
0,265
0,411
0,264
0,339
0,263
0,337
0,262
0,393
0,261
0,319
0,260
0,371
0,259
0,360
0,258
0,405
0,257
0,428
0,256
0,378
0,255
0,343
0,254
0,385
0,253
0,365
0,252
0,383
0,251
0,432
0,250
0,431
0,249
0,404
0,248
0,379
0,247
0,333
0,246
0,345
0,245
0,363
0,244
0,242
0,361
0,241
0,344
0,240
0,351
0,239
0,364
0,238
0,423
0,237
0,369
0,236
0,332
0,235
0,367
0,234
0,425
0,233
0,342
0,232
0,374
0,231
0,329
0,230
0,413
0,229
0,355
0,228
0,380
0,227
0,427
0,226
0,347
0,225
0,331
0,224
0,409
0,223
0,353
0,222
0,354
0,221
0,352
0,220
0,328
0,219
0,373
0,218
0,436
0,217
0,377
0,216
0,434
0,215
0,327
0,214
0,390
0,213
0,212
0,437
0,211
0,358
0,210
0,346
0,209
0,372
0,208
0,370
0,207
0,421
0,206
0,402
0,205
0,422
0,204
0,340
0,203
0,394
0,202
0,388
0,201
0,387
0,200
0,341
0,199
0,407
0,198
0,416
0,197
0,420
0,196
0,412
0,195
0,424
0,194
0,418
0,193
0,321
0,192
0,417
0,63
0,400
0,62
0,386
0,61
0,368
0,60
0,330
0,59
0,384
0,58
0,403
0,57
0,399
0,56
0,447
0,55
0,446
0,54
0,445
0,53
0,52
0,318
0,51
0,443
0,50
0,440
0,49
0,317
0,48
0,316
0,47
0,314
0,46
0,433
0,45
0,392
0,6
0,5
0,1
0,11
0,4
0,2
0,3
0,7
